71
42.89411	31.46433	1000000
47.33188	25.24622	794330
49.31378	19.88394	630960
50.57788	15.56112	501190
51.09729	12.11537	398110
51.17769	9.54271		316230
50.9337		7.72318		251190
50.74293	6.60703		199530
50.59096	5.98934		158490
50.55624	5.77527		125890
50.64572	5.8763		100000
50.87469	6.2553		79433
51.24423	6.854		63096
51.74852	7.67802		50119
52.41611	8.68928		39811
53.20832	9.91114		31623
54.13489	11.33114	25119
55.16884	12.98517	19953
56.27038	14.92307	15849
57.47202	17.24319	12589
58.72814	20.03302	10000
60.12929	23.46302	7943.3
61.6513		27.64932	6309.6
63.34186	32.77074	5011.9
65.24538	39.04339	3981.1
67.37789	46.73609	3162.3
69.82465	56.16807	2511.9
72.6626		67.75619	1995.3
75.99068	82.0181		1584.9
79.94476	99.50449	1258.9
84.71733	120.97107	1000
90.5176		147.29112	794.33
97.60702	179.53906	630.96
106.33568	219.03643	501.19
117.11483	267.30719	398.11
130.50168	326.30118	316.23
147.17051	398.31708	251.19
167.95015	487.02464	199.53
193.80047	593.97398	158.49
225.94527	723.98296	125.89
265.8054	881.93638	100
315.86066	1072.99019	79.433
379.98606	1302.63594	63.096
453.86846	1585.60348	50.119
548.22236	1926.55005	39.811
664.29569	2337.82267	31.623
805.89107	2828.41793	25.119
979.60748	3426.02635	19.953
1190.92236	4145.73637	15.849
1444.70301	5006.94384	12.589
1756.71553	6049.751	10
2142.65988	7305.3245	7.9433
2582.0713	8822.9442	6.3096
3146.0215	10652.23936	5.0119
3825.66611	12857.5939	3.9811
4630.43316	15523.56558	3.1623
5613.05186	18742.31194	2.5119
6804.52484	22627.07356	1.9953
8250.89778	27310.14661	1.5849
10021.37185	32935.9229	1.2589
12222.44176	39862.72955	1
14922.39014	48320.69712	0.79433
18186.48251	58339.15123	0.63096
22153.82477	70457.48308	0.50119
27120.13544	85038.60132	0.39811
33276.28123	102675.32272	0.31623
40758.73513	123659.77324	0.25119
49929.15841	149020.79326	0.19953
61757.4443	180071.33044	0.15849
75677.02397	216822.27205	0.12589
94563.96314	260764.85006	0.1