71
43.77893	30.57816	1000000
47.87012	24.40802	794330
49.64931	19.16709	630960
50.77027	14.95004	501190
51.21586	11.58887	398110
51.25377	9.10814		316230
51.02701	7.33706		251190
50.82348	6.23176		199530
50.66846	5.60361		158490
50.6292		5.357		125890
50.66198	5.39241		100000
50.87548	5.68397		79433
51.20761	6.18975		63096
51.67157	6.87141		50119
52.28058	7.748		39811
52.98923	8.78324		31623
53.83245	10.00095	25119
54.7858		11.41545	19953
55.83121	13.05901	15849
56.96786	15.00737	12589
58.10506	17.30987	10000
59.42911	20.11924	7943.3
60.86077	23.53416	6309.6
62.42676	27.70448	5011.9
64.16553	32.80775	3981.1
66.12123	39.03723	3162.3
68.35057	46.65156	2511.9
70.93847	55.97831	1995.3
73.94666	67.38686	1584.9
77.5108		81.35211	1258.9
81.7673		98.42375	1000
86.90454	119.28257	794.33
93.1589		144.75217	630.96
100.76469	175.79414	501.19
110.13697	213.69117	398.11
121.60727	259.76992	316.23
135.62115	315.6054	251.19
152.98161	383.67913	199.53
174.29748	466.1223	158.49
200.84807	566.95379	125.89
233.13129	688.30835	100
273.0497	834.91953	79.433
323.16921	1010.1153	63.096
381.85472	1227.54946	50.119
455.21567	1486.71232	39.811
545.4522	1799.21457	31.623
652.49056	2176.25936	25.119
784.40682	2631.21521	19.953
942.65934	3179.75318	15.849
1134.63786	3846.88239	12.589
1368.49558	4643.13607	10
1639.37985	5598.34279	7.9433
1977.89717	6759.28914	6.3096
2393.8053	8169.94598	5.0119
2884.18032	9870.03295	3.9811
3476.4331	11925.13352	3.1623
4187.3012	14410.13787	2.5119
5050.55372	17398.39347	1.9953
6101.00227	21039.25344	1.5849
7358.28853	25415.01454	1.2589
8935.6975	30801.18755	1
10809.14351	37246.80761	0.79433
13078.5082	45017.45034	0.63096
15897.79365	54553.83473	0.50119
19262.73443	65913.47928	0.39811
23384.49609	79644.09135	0.31623
28384.24826	96191.3745	0.25119
34515.49117	116167.22149	0.19953
41814.69606	140341.68551	0.15849
50818.40392	169589.3092	0.12589
61783.4311	204352.27047	0.1